% Number of threads = 4

% number of repeats:% 3
% enter first, last, inc:% 48 1968 48 
data = [
%  n          reference      |         current implementation 
%        time       GFLOPS   |    time       GFLOPS     diff 
  1968 7.8862e-02 1.9330e+02    1.0776e-01 1.4147e+02 3.1832e-12
  1920 7.4868e-02 1.8908e+02    8.9350e-02 1.5843e+02 2.8990e-12
  1872 6.8446e-02 1.9169e+02    8.6748e-02 1.5125e+02 2.7285e-12
  1824 6.5091e-02 1.8646e+02    7.7947e-02 1.5571e+02 3.1264e-12
  1776 5.9034e-02 1.8978e+02    7.0162e-02 1.5968e+02 2.5580e-12
  1728 5.3068e-02 1.9446e+02    6.4071e-02 1.6107e+02 2.4443e-12
  1680 4.8375e-02 1.9604e+02    6.4895e-02 1.4613e+02 2.5011e-12
  1632 4.4538e-02 1.9519e+02    5.5219e-02 1.5743e+02 2.4443e-12
  1584 4.1523e-02 1.9143e+02    5.6193e-02 1.4145e+02 2.4443e-12
  1536 4.4896e-02 1.6143e+02    4.8726e-02 1.4875e+02 2.3874e-12
  1488 3.2305e-02 2.0397e+02    4.4406e-02 1.4839e+02 2.1032e-12
  1440 3.0257e-02 1.9738e+02    3.9589e-02 1.5085e+02 2.1032e-12
  1392 2.6817e-02 2.0116e+02    4.1191e-02 1.3096e+02 1.9327e-12
  1344 2.4552e-02 1.9776e+02    3.3019e-02 1.4705e+02 1.8190e-12
  1296 2.2547e-02 1.9309e+02    3.2589e-02 1.3359e+02 1.7053e-12
  1248 2.0902e-02 1.8599e+02    2.6956e-02 1.4422e+02 1.5916e-12
  1200 1.6573e-02 2.0853e+02    2.3696e-02 1.4585e+02 1.4779e-12
  1152 1.6314e-02 1.8742e+02    2.1450e-02 1.4255e+02 1.4211e-12
  1104 1.3843e-02 1.9440e+02    2.2207e-02 1.2119e+02 1.3074e-12
  1056 1.2252e-02 1.9223e+02    1.6350e-02 1.4405e+02 1.2506e-12
  1008 1.1273e-02 1.8171e+02    1.5708e-02 1.3040e+02 9.6634e-13
   960 9.3245e-03 1.8977e+02    1.2324e-02 1.4358e+02 9.6634e-13
   912 7.6344e-03 1.9872e+02    1.0866e-02 1.3962e+02 9.0949e-13
   864 6.4298e-03 2.0062e+02    8.3467e-03 1.5455e+02 8.5265e-13
   816 5.4544e-03 1.9923e+02    7.9406e-03 1.3685e+02 7.9581e-13
   768 4.6078e-03 1.9662e+02    5.6296e-03 1.6093e+02 8.5265e-13
   720 3.6774e-03 2.0300e+02    5.0674e-03 1.4731e+02 7.3896e-13
   672 3.0791e-03 1.9711e+02    3.9807e-03 1.5247e+02 6.5370e-13
   624 2.5162e-03 1.9313e+02    3.3197e-03 1.4638e+02 5.4001e-13
   576 1.9675e-03 1.9426e+02    2.4846e-03 1.5383e+02 5.1159e-13
   528 1.5618e-03 1.8850e+02    2.8070e-03 1.0488e+02 3.9790e-13
   480 1.1989e-03 1.8449e+02    1.8738e-03 1.1804e+02 3.4106e-13
   432 9.2922e-04 1.7353e+02    1.6657e-03 9.6802e+01 2.9843e-13
   384 6.8260e-04 1.6590e+02    1.2078e-03 9.3760e+01 2.4158e-13
   336 5.3082e-04 1.4292e+02    9.8180e-04 7.7273e+01 1.7053e-13
   288 3.4823e-04 1.3719e+02    5.3820e-04 8.8770e+01 1.1369e-13
   240 3.0158e-04 9.1677e+01    3.9595e-04 6.9827e+01 4.2633e-14
   192 1.8620e-04 7.6024e+01    2.2496e-04 6.2926e+01 2.8422e-14
   144 1.6681e-04 3.5801e+01    1.6858e-04 3.5426e+01 2.8422e-14
    96 9.2813e-05 1.9065e+01    1.2330e-04 1.4350e+01 1.0658e-14
    48 7.5484e-05 2.9302e+00    8.4436e-05 2.6195e+00 7.1054e-15
];

% Maximum difference between reference and your implementation: 3.183231e-12.
