% Number of threads = 4

% number of repeats:% 3
% enter first, last, inc:% 48 1488 48 
data = [
%  n          reference      |         current implementation 
%        time       GFLOPS   |    time       GFLOPS     diff 
  1488 4.8048e-02 1.3714e+02    6.8834e-01 9.5727e+00 2.1600e-12
  1440 4.1754e-02 1.4303e+02    6.3362e-01 9.4251e+00 1.8758e-12
  1392 3.7781e-02 1.4278e+02    6.1028e-01 8.8393e+00 1.9327e-12
  1344 3.4722e-02 1.3984e+02    5.5668e-01 8.7221e+00 1.7621e-12
  1296 3.1215e-02 1.3947e+02    5.1416e-01 8.4674e+00 1.6485e-12
  1248 2.6779e-02 1.4517e+02    4.1606e-01 9.3437e+00 1.7053e-12
  1200 2.3671e-02 1.4600e+02    3.7225e-01 9.2840e+00 1.5348e-12
  1152 2.1963e-02 1.3922e+02    3.3680e-01 9.0784e+00 1.5348e-12
  1104 1.8673e-02 1.4412e+02    3.2098e-01 8.3842e+00 1.1937e-12
  1056 1.6160e-02 1.4574e+02    2.8695e-01 8.2077e+00 1.1937e-12
  1008 1.4429e-02 1.4196e+02    2.1213e-01 9.6564e+00 1.0800e-12
   960 1.2380e-02 1.4293e+02    2.0051e-01 8.8249e+00 9.3792e-13
   912 1.0891e-02 1.3929e+02    1.7686e-01 8.5780e+00 9.3792e-13
   864 9.1609e-03 1.4081e+02    1.5169e-01 8.5041e+00 9.3792e-13
   816 6.0917e-03 1.7839e+02    1.4597e-01 7.4444e+00 8.8107e-13
   768 6.2665e-03 1.4457e+02    9.6452e-02 9.3930e+00 7.3896e-13
   720 5.3748e-03 1.3889e+02    8.0934e-02 9.2235e+00 6.8212e-13
   672 4.0653e-03 1.4930e+02    7.3701e-02 8.2350e+00 6.8212e-13
   624 2.5727e-03 1.8888e+02    6.1411e-02 7.9129e+00 5.6843e-13
   576 2.6431e-03 1.4460e+02    5.0429e-02 7.5791e+00 4.5475e-13
   528 1.9216e-03 1.5321e+02    4.6230e-02 6.3681e+00 3.9790e-13
   480 1.6873e-03 1.3109e+02    2.5253e-02 8.7586e+00 3.4106e-13
   432 1.3203e-03 1.2212e+02    1.9411e-02 8.3070e+00 2.7001e-13
   384 9.6017e-04 1.1794e+02    1.6978e-02 6.6700e+00 2.2737e-13
   336 6.1022e-04 1.2433e+02    1.2443e-02 6.0970e+00 1.5632e-13
   288 4.4655e-04 1.0699e+02    7.4841e-03 6.3836e+00 1.2790e-13
   240 2.6665e-04 1.0369e+02    3.7413e-03 7.3900e+00 4.2633e-14
   192 1.4597e-04 9.6974e+01    2.1375e-03 6.6225e+00 2.8422e-14
   144 7.4508e-05 8.0152e+01    1.0417e-03 5.7329e+00 2.8422e-14
    96 4.8956e-05 3.6144e+01    6.4569e-04 2.7404e+00 1.0658e-14
    48 5.3792e-05 4.1118e+00    1.5290e-04 1.4466e+00 7.1054e-15
];

% Maximum difference between reference and your implementation: 2.160050e-12.
