% Number of threads = 12

% number of repeats:% 3
% enter first, last, inc:% 48 1968 48 
data = [
%  n          reference      |         current implementation 
%        time       GFLOPS   |    time       GFLOPS     diff 
  1968 2.9693e-01 5.1339e+01    3.1395e-01 4.8557e+01 3.1832e-12
  1920 2.6915e-01 5.2595e+01    2.8391e-01 4.9861e+01 2.8990e-12
  1872 2.5358e-01 5.1741e+01    2.6056e-01 5.0354e+01 2.7285e-12
  1824 2.3002e-01 5.2764e+01    2.3652e-01 5.1315e+01 3.1264e-12
  1776 2.1013e-01 5.3317e+01    2.2235e-01 5.0388e+01 2.5580e-12
  1728 1.9376e-01 5.3259e+01    1.9989e-01 5.1626e+01 2.4443e-12
  1680 1.8038e-01 5.2574e+01    1.8888e-01 5.0207e+01 2.5011e-12
  1632 1.6394e-01 5.3029e+01    1.7026e-01 5.1060e+01 2.4443e-12
  1584 1.5068e-01 5.2752e+01    1.5662e-01 5.0752e+01 2.4443e-12
  1536 1.3936e-01 5.2006e+01    1.4275e-01 5.0773e+01 2.3874e-12
  1488 1.2337e-01 5.3409e+01    1.2683e-01 5.1955e+01 2.1032e-12
  1440 1.1300e-01 5.2849e+01    1.1729e-01 5.0917e+01 2.1032e-12
  1392 1.0190e-01 5.2940e+01    1.0645e-01 5.0676e+01 1.9327e-12
  1344 9.3264e-02 5.2061e+01    9.5873e-02 5.0644e+01 1.8190e-12
  1296 8.3802e-02 5.1951e+01    8.5353e-02 5.1007e+01 1.7053e-12
  1248 7.3569e-02 5.2842e+01    7.5643e-02 5.1393e+01 1.5916e-12
  1200 6.3629e-02 5.4314e+01    6.6896e-02 5.1662e+01 1.4779e-12
  1152 5.7807e-02 5.2894e+01    5.9433e-02 5.1447e+01 1.4211e-12
  1104 5.0643e-02 5.3139e+01    5.3706e-02 5.0109e+01 1.3074e-12
  1056 4.5521e-02 5.1738e+01    4.6334e-02 5.0830e+01 1.2506e-12
  1008 3.8771e-02 5.2834e+01    4.0128e-02 5.1046e+01 9.6634e-13
   960 3.3312e-02 5.3118e+01    3.4967e-02 5.0605e+01 9.6634e-13
   912 2.9065e-02 5.2198e+01    2.9603e-02 5.1249e+01 9.0949e-13
   864 2.4689e-02 5.2247e+01    2.4863e-02 5.1882e+01 8.5265e-13
   816 2.0646e-02 5.2634e+01    2.0789e-02 5.2271e+01 7.9581e-13
   768 1.7008e-02 5.3266e+01    1.7507e-02 5.1750e+01 8.5265e-13
   720 1.4090e-02 5.2981e+01    1.4391e-02 5.1874e+01 7.3896e-13
   672 1.1758e-02 5.1617e+01    1.1962e-02 5.0737e+01 6.5370e-13
   624 9.4439e-03 5.1456e+01    9.3628e-03 5.1901e+01 5.4001e-13
   576 7.4863e-03 5.1054e+01    7.4643e-03 5.1205e+01 5.1159e-13
   528 5.7833e-03 5.0905e+01    5.6349e-03 5.2245e+01 3.9790e-13
   480 4.0712e-03 5.4329e+01    4.3549e-03 5.0790e+01 3.4106e-13
   432 3.0389e-03 5.3060e+01    3.1961e-03 5.0450e+01 2.9843e-13
   384 2.0973e-03 5.3997e+01    2.2312e-03 5.0756e+01 2.4158e-13
   336 1.5217e-03 4.9857e+01    1.5683e-03 4.8375e+01 1.7053e-13
   288 8.9219e-04 5.3549e+01    8.7720e-04 5.4464e+01 1.1369e-13
   240 5.0860e-04 5.4361e+01    5.0890e-04 5.4329e+01 4.2633e-14
   192 2.6993e-04 5.2443e+01    2.6636e-04 5.3146e+01 2.8422e-14
   144 1.2070e-04 4.9477e+01    1.1728e-04 5.0918e+01 2.8422e-14
    96 4.1933e-05 4.2198e+01    3.8290e-05 4.6212e+01 1.0658e-14
    48 8.8300e-06 2.5049e+01    5.9970e-06 3.6882e+01 7.1054e-15
];

% Maximum difference between reference and your implementation: 3.183231e-12.
