% Number of threads = 4

% number of repeats:% 3
% enter first, last, inc:% 48 1968 48 
data = [
%  n          reference      |         current implementation 
%        time       GFLOPS   |    time       GFLOPS     diff 
  1968 7.7631e-02 1.9637e+02    1.1476e-01 1.3283e+02 3.1832e-12
  1920 8.1563e-02 1.7356e+02    1.0548e-01 1.3420e+02 2.8990e-12
  1872 7.3490e-02 1.7853e+02    1.0013e-01 1.3104e+02 2.7285e-12
  1824 6.7478e-02 1.7986e+02    9.2964e-02 1.3055e+02 3.1264e-12
  1776 6.7868e-02 1.6508e+02    8.2880e-02 1.3518e+02 2.5580e-12
  1728 5.5824e-02 1.8486e+02    7.5816e-02 1.3611e+02 2.4443e-12
  1680 4.8316e-02 1.9627e+02    7.2395e-02 1.3099e+02 2.5011e-12
  1632 5.1536e-02 1.6869e+02    6.5576e-02 1.3257e+02 2.4443e-12
  1584 4.0649e-02 1.9554e+02    6.1170e-02 1.2994e+02 2.4443e-12
  1536 4.3465e-02 1.6675e+02    5.5344e-02 1.3096e+02 2.3874e-12
  1488 3.9350e-02 1.6745e+02    4.8316e-02 1.3638e+02 2.1032e-12
  1440 3.1431e-02 1.9000e+02    4.5467e-02 1.3135e+02 2.1032e-12
  1392 2.8629e-02 1.8843e+02    4.2286e-02 1.2757e+02 1.9327e-12
  1344 2.5244e-02 1.9234e+02    3.7008e-02 1.3120e+02 1.8190e-12
  1296 2.3002e-02 1.8927e+02    3.2586e-02 1.3360e+02 1.7053e-12
  1248 1.9540e-02 1.9895e+02    2.8439e-02 1.3669e+02 1.5916e-12
  1200 1.8527e-02 1.8654e+02    2.6280e-02 1.3151e+02 1.4779e-12
  1152 1.5379e-02 1.9882e+02    2.1785e-02 1.4035e+02 1.4211e-12
  1104 1.5329e-02 1.7556e+02    2.0265e-02 1.3280e+02 1.3074e-12
  1056 1.2113e-02 1.9444e+02    1.6317e-02 1.4434e+02 1.2506e-12
  1008 1.0316e-02 1.9856e+02    1.6493e-02 1.2420e+02 9.6634e-13
   960 8.8320e-03 2.0035e+02    1.5389e-02 1.1499e+02 9.6634e-13
   912 8.3267e-03 1.8220e+02    1.0585e-02 1.4333e+02 9.0949e-13
   864 6.6192e-03 1.9488e+02    9.0868e-03 1.4196e+02 8.5265e-13
   816 5.6374e-03 1.9276e+02    8.2734e-03 1.3135e+02 7.9581e-13
   768 4.6661e-03 1.9416e+02    6.9013e-03 1.3128e+02 8.5265e-13
   720 3.8558e-03 1.9360e+02    6.1673e-03 1.2104e+02 7.3896e-13
   672 3.0718e-03 1.9758e+02    4.2656e-03 1.4228e+02 6.5370e-13
   624 2.5508e-03 1.9050e+02    3.6773e-03 1.3214e+02 5.4001e-13
   576 2.0511e-03 1.8635e+02    3.1954e-03 1.1961e+02 5.1159e-13
   528 1.6251e-03 1.8115e+02    2.4663e-03 1.1937e+02 3.9790e-13
   480 1.2316e-03 1.7959e+02    2.3239e-03 9.5178e+01 3.4106e-13
   432 9.4356e-04 1.7089e+02    1.7895e-03 9.0104e+01 2.9843e-13
   384 7.2450e-04 1.5631e+02    1.3658e-03 8.2916e+01 2.4158e-13
   336 5.2384e-04 1.4483e+02    9.4559e-04 8.0231e+01 1.7053e-13
   288 3.6960e-04 1.2926e+02    8.8933e-04 5.3721e+01 1.1369e-13
   240 1.9842e-04 1.3934e+02    6.1086e-04 4.5260e+01 4.2633e-14
   192 1.4050e-04 1.0075e+02    3.0296e-04 4.6725e+01 2.8422e-14
   144 1.1218e-04 5.3235e+01    1.4720e-04 4.0569e+01 2.8422e-14
    96 8.0665e-05 2.1936e+01    7.8714e-05 2.2480e+01 1.0658e-14
    48 7.2463e-05 3.0524e+00    2.2277e-05 9.9288e+00 7.1054e-15
];

% Maximum difference between reference and your implementation: 3.183231e-12.
